1243
75.00 0.00
75.00 0.75
75.00 1.50
75.00 2.25
75.00 3.00
75.00 3.75
75.00 4.50
75.00 5.25
75.00 6.00
75.00 6.75
75.00 7.50
75.00 8.25
75.00 9.00
75.00 9.75
75.00 10.50
75.00 11.25
75.00 12.00
75.00 12.75
75.00 13.50
75.00 14.25
75.00 15.00
75.00 15.75
75.00 16.50
75.00 17.25
75.00 18.00
75.00 18.75
75.00 19.50
75.00 20.25
75.00 21.00
75.00 21.75
75.00 22.50
75.00 23.25
75.00 24.00
75.00 24.75
75.00 25.50
75.00 26.25
75.00 27.00
75.00 27.75
75.00 28.50
75.00 29.25
75.00 30.00
75.00 30.75
75.00 31.50
75.00 32.25
75.00 33.00
75.00 33.75
75.00 34.50
75.00 35.25
75.00 36.00
75.00 36.75
75.00 37.50
75.00 38.25
75.00 39.00
75.00 39.75
75.00 40.50
75.00 41.25
75.00 42.00
75.00 42.75
75.00 43.50
75.00 44.25
75.00 45.00
75.00 45.75
75.00 46.50
75.00 47.25
75.00 48.00
75.00 48.75
75.00 49.50
75.00 50.25
75.00 51.00
75.00 51.75
75.00 52.50
75.00 53.25
75.00 54.00
75.00 54.75
75.00 55.50
75.00 56.25
75.00 57.00
75.00 57.75
75.00 58.50
75.00 59.25
75.00 60.00
75.00 60.75
75.00 61.50
75.00 62.25
75.00 63.00
75.00 63.75
75.00 64.50
75.00 65.25
75.00 66.00
75.00 66.75
75.00 67.50
75.00 68.25
75.00 69.00
75.00 69.75
75.00 70.50
75.00 71.25
75.00 72.00
75.00 72.75
75.00 73.50
75.00 74.25
75.00 75.00
75.00 75.75
74.99 76.49
74.97 77.24
74.94 77.98
74.91 78.73
74.87 79.47
74.82 80.22
74.76 80.96
74.70 81.70
74.63 82.45
74.55 83.19
74.47 83.93
74.37 84.67
74.27 85.41
74.17 86.15
74.05 86.88
73.93 87.62
73.80 88.35
73.67 89.09
73.52 89.82
73.37 90.55
73.21 91.28
73.05 92.01
72.87 92.73
72.69 93.46
72.51 94.18
72.31 94.90
72.11 95.62
71.90 96.33
71.69 97.05
71.46 97.76
71.23 98.47
71.00 99.17
70.75 99.88
70.50 100.58
70.24 101.28
69.98 101.98
69.71 102.67
69.43 103.36
69.14 104.05
68.85 104.74
68.55 105.42
68.25 106.10
67.93 106.78
67.61 107.45
67.29 108.13
66.96 108.79
66.62 109.46
66.27 110.12
65.92 110.78
65.56 111.43
65.19 112.08
64.82 112.73
64.44 113.37
64.06 114.01
63.67 114.64
63.27 115.27
62.87 115.90
62.46 116.52
62.04 117.14
61.62 117.76
61.19 118.37
60.76 118.98
60.31 119.58
59.87 120.17
59.42 120.77
58.96 121.36
58.49 121.94
58.02 122.52
57.55 123.09
57.07 123.66
56.58 124.23
56.09 124.79
55.59 125.35
55.09 125.90
54.58 126.44
54.06 126.98
53.54 127.52
53.02 128.05
52.49 128.57
51.95 129.09
51.41 129.60
50.87 130.11
50.32 130.62
49.76 131.11
49.20 131.61
48.64 132.09
48.07 132.57
47.49 133.05
46.91 133.52
46.33 133.98
45.74 134.44
45.15 134.89
44.55 135.34
43.95 135.78
43.34 136.21
42.73 136.64
42.11 137.06
41.49 137.48
40.87 137.89
40.24 138.29
39.61 138.69
38.98 139.08
38.34 139.46
37.69 139.84
37.05 140.21
36.40 140.58
35.74 140.94
35.09 141.29
34.42 141.63
33.76 141.97
33.09 142.30
32.42 142.63
31.75 142.95
31.07 143.26
30.39 143.57
29.71 143.87
29.02 144.16
28.33 144.44
27.64 144.72
26.94 144.99
26.25 145.26
25.55 145.52
24.84 145.77
24.14 146.01
23.43 146.25
22.72 146.48
22.01 146.70
21.30 146.91
20.58 147.12
19.86 147.32
19.14 147.52
18.42 147.70
17.70 147.88
16.97 148.06
16.24 148.22
15.51 148.38
14.78 148.53
14.05 148.67
13.32 148.81
12.58 148.94
11.85 149.06
11.11 149.17
10.37 149.28
9.63 149.38
8.89 149.47
8.15 149.56
7.41 149.63
6.67 149.70
5.92 149.77
5.18 149.82
4.44 149.87
3.69 149.91
2.95 149.94
2.20 149.97
1.45 149.99
0.71 150.00
0.00 150.00
-0.75 150.00
-1.50 150.00
-2.25 150.00
-3.00 150.00
-3.75 150.00
-4.50 150.00
-5.25 150.00
-6.00 150.00
-6.75 150.00
-7.50 150.00
-8.25 150.00
-9.00 150.00
-9.75 150.00
-10.50 150.00
-11.25 150.00
-12.00 150.00
-12.75 150.00
-13.50 150.00
-14.25 150.00
-15.00 150.00
-15.75 150.00
-16.50 150.00
-17.25 150.00
-18.00 150.00
-18.75 150.00
-19.50 150.00
-20.25 150.00
-21.00 150.00
-21.75 150.00
-22.50 150.00
-23.25 150.00
-24.00 150.00
-24.75 150.00
-25.50 150.00
-26.25 150.00
-27.00 150.00
-27.75 150.00
-28.50 150.00
-29.25 150.00
-30.00 150.00
-30.75 150.00
-31.50 150.00
-32.25 150.00
-33.00 150.00
-33.75 150.00
-34.50 150.00
-35.25 150.00
-36.00 150.00
-36.75 150.00
-37.50 150.00
-38.25 150.00
-39.00 150.00
-39.75 150.00
-40.50 150.00
-41.25 150.00
-42.00 150.00
-42.75 150.00
-43.50 150.00
-44.25 150.00
-45.00 150.00
-45.75 150.00
-46.50 150.00
-47.25 150.00
-48.00 150.00
-48.75 150.00
-49.50 150.00
-50.25 150.00
-51.00 150.00
-51.75 150.00
-52.50 150.00
-53.25 150.00
-54.00 150.00
-54.75 150.00
-55.50 150.00
-56.25 150.00
-57.00 150.00
-57.75 150.00
-58.50 150.00
-59.25 150.00
-60.00 150.00
-60.75 150.00
-61.50 150.00
-62.25 150.00
-63.00 150.00
-63.75 150.00
-64.50 150.00
-65.25 150.00
-66.00 150.00
-66.75 150.00
-67.50 150.00
-68.25 150.00
-69.00 150.00
-69.75 150.00
-70.50 150.00
-71.25 150.00
-72.00 150.00
-72.75 150.00
-73.50 150.00
-74.25 150.00
-75.00 150.00
-75.79 149.99
-76.57 149.97
-77.36 149.94
-78.14 149.89
-78.92 149.83
-79.70 149.75
-80.48 149.66
-81.26 149.56
-82.04 149.45
-82.81 149.32
-83.59 149.17
-84.36 149.02
-85.12 148.85
-85.89 148.66
-86.65 148.47
-87.40 148.26
-88.16 148.03
-88.91 147.80
-89.65 147.55
-90.39 147.29
-91.13 147.01
-91.86 146.72
-92.58 146.42
-93.30 146.11
-94.02 145.78
-94.73 145.45
-95.43 145.10
-96.13 144.73
-96.82 144.36
-97.50 143.97
-98.18 143.57
-98.85 143.16
-99.51 142.74
-100.16 142.31
-100.81 141.86
-101.45 141.41
-102.08 140.94
-102.70 140.46
-103.32 139.97
-103.93 139.47
-104.52 138.96
-105.11 138.44
-105.69 137.91
-106.26 137.37
-106.82 136.82
-107.37 136.26
-107.91 135.69
-108.44 135.11
-108.96 134.52
-109.47 133.93
-109.97 133.32
-110.46 132.70
-110.94 132.08
-111.41 131.45
-111.86 130.81
-112.31 130.16
-112.74 129.51
-113.16 128.85
-113.57 128.18
-113.97 127.50
-114.36 126.82
-114.73 126.13
-115.10 125.43
-115.45 124.73
-115.78 124.02
-116.11 123.30
-116.42 122.58
-116.72 121.86
-117.01 121.13
-117.29 120.39
-117.55 119.65
-117.80 118.91
-118.03 118.16
-118.26 117.40
-118.47 116.65
-118.66 115.89
-118.85 115.12
-119.02 114.36
-119.17 113.59
-119.32 112.81
-119.45 112.04
-119.56 111.26
-119.66 110.48
-119.75 109.70
-119.83 108.92
-119.89 108.14
-119.94 107.36
-119.97 106.57
-119.99 105.79
-120.00 105.00
-119.99 104.21
-119.97 103.43
-119.94 102.64
-119.89 101.86
-119.83 101.08
-119.75 100.30
-119.66 99.52
-119.56 98.74
-119.45 97.96
-119.32 97.19
-119.17 96.41
-119.02 95.64
-118.85 94.88
-118.66 94.11
-118.47 93.35
-118.26 92.60
-118.03 91.84
-117.80 91.09
-117.55 90.35
-117.29 89.61
-117.01 88.87
-116.72 88.14
-116.42 87.42
-116.11 86.70
-115.78 85.98
-115.45 85.27
-115.10 84.57
-114.73 83.87
-114.36 83.18
-113.97 82.50
-113.57 81.82
-113.16 81.15
-112.74 80.49
-112.31 79.84
-111.86 79.19
-111.41 78.55
-110.94 77.92
-110.46 77.30
-109.97 76.68
-109.47 76.07
-108.96 75.48
-108.44 74.89
-107.91 74.31
-107.37 73.74
-106.82 73.18
-106.26 72.63
-105.69 72.09
-105.11 71.56
-104.52 71.04
-103.93 70.53
-103.32 70.03
-102.70 69.54
-102.08 69.06
-101.45 68.59
-100.81 68.14
-100.16 67.69
-99.51 67.26
-98.85 66.84
-98.18 66.43
-97.50 66.03
-96.82 65.64
-96.13 65.27
-95.43 64.90
-94.73 64.55
-94.02 64.22
-93.30 63.89
-92.58 63.58
-91.86 63.28
-91.13 62.99
-90.39 62.71
-89.65 62.45
-88.91 62.20
-88.16 61.97
-87.40 61.74
-86.65 61.53
-85.89 61.34
-85.12 61.15
-84.36 60.98
-83.59 60.83
-82.81 60.68
-82.04 60.55
-81.26 60.44
-80.48 60.34
-79.70 60.25
-78.92 60.17
-78.14 60.11
-77.36 60.06
-76.57 60.03
-75.79 60.01
-75.00 60.00
-74.16 59.99
-73.32 59.98
-72.49 59.95
-71.65 59.91
-70.81 59.85
-69.98 59.79
-69.15 59.71
-68.31 59.63
-67.48 59.53
-66.65 59.42
-65.82 59.29
-64.99 59.16
-64.17 59.01
-63.35 58.86
-62.53 58.69
-61.71 58.51
-60.89 58.32
-60.08 58.11
-59.27 57.90
-58.46 57.68
-57.66 57.44
-56.86 57.19
-56.06 56.93
-55.27 56.66
-54.48 56.38
-53.69 56.09
-52.91 55.79
-52.14 55.47
-51.36 55.15
-50.60 54.81
-49.83 54.47
-49.07 54.11
-48.32 53.74
-47.57 53.36
-46.83 52.98
-46.09 52.58
-45.36 52.17
-44.64 51.75
-43.92 51.32
-43.20 50.88
-42.50 50.43
-41.80 49.98
-41.10 49.51
-40.41 49.03
-39.73 48.54
-39.06 48.04
-38.39 47.54
-37.73 47.02
-37.08 46.50
-36.43 45.96
-35.79 45.42
-35.16 44.87
-34.54 44.31
-33.93 43.74
-33.32 43.16
-32.72 42.57
-32.13 41.98
-31.55 41.38
-30.98 40.77
-30.41 40.15
-29.86 39.52
-29.31 38.89
-28.77 38.25
-28.24 37.60
-27.72 36.94
-27.21 36.28
-26.71 35.61
-26.21 34.93
-25.73 34.24
-25.26 33.55
-24.79 32.85
-24.34 32.15
-23.90 31.44
-23.46 30.72
-23.04 30.00
-22.62 29.27
-22.22 28.54
-21.83 27.80
-21.44 27.05
-21.07 26.30
-20.71 25.55
-20.36 24.79
-20.02 24.02
-19.69 23.25
-19.37 22.48
-19.06 21.70
-18.76 20.91
-18.48 20.13
-18.20 19.34
-17.94 18.54
-17.68 17.74
-17.44 16.94
-17.21 16.14
-16.99 15.33
-16.78 14.52
-16.59 13.70
-16.40 12.88
-16.23 12.06
-16.06 11.24
-15.91 10.42
-15.77 9.59
-15.64 8.76
-15.53 7.94
-15.42 7.10
-15.33 6.27
-15.25 5.44
-15.18 4.60
-15.12 3.77
-15.07 2.93
-15.04 2.09
-15.01 1.26
-15.00 0.42
-15.00 -0.42
-15.01 -1.26
-15.04 -2.09
-15.07 -2.93
-15.12 -3.77
-15.18 -4.60
-15.25 -5.44
-15.33 -6.27
-15.42 -7.10
-15.53 -7.94
-15.64 -8.76
-15.77 -9.59
-15.91 -10.42
-16.06 -11.24
-16.23 -12.06
-16.40 -12.88
-16.59 -13.70
-16.78 -14.52
-16.99 -15.33
-17.21 -16.14
-17.44 -16.94
-17.68 -17.74
-17.94 -18.54
-18.20 -19.34
-18.48 -20.13
-18.76 -20.91
-19.06 -21.70
-19.37 -22.48
-19.69 -23.25
-20.02 -24.02
-20.36 -24.79
-20.71 -25.55
-21.07 -26.30
-21.44 -27.05
-21.83 -27.80
-22.22 -28.54
-22.62 -29.27
-23.04 -30.00
-23.46 -30.72
-23.90 -31.44
-24.34 -32.15
-24.79 -32.85
-25.26 -33.55
-25.73 -34.24
-26.21 -34.93
-26.71 -35.61
-27.21 -36.28
-27.72 -36.94
-28.24 -37.60
-28.77 -38.25
-29.31 -38.89
-29.86 -39.52
-30.41 -40.15
-30.98 -40.77
-31.55 -41.38
-32.13 -41.98
-32.72 -42.57
-33.32 -43.16
-33.93 -43.74
-34.54 -44.31
-35.16 -44.87
-35.79 -45.42
-36.43 -45.96
-37.08 -46.50
-37.73 -47.02
-38.39 -47.54
-39.06 -48.04
-39.73 -48.54
-40.41 -49.03
-41.10 -49.51
-41.80 -49.98
-42.50 -50.43
-43.20 -50.88
-43.92 -51.32
-44.64 -51.75
-45.36 -52.17
-46.09 -52.58
-46.83 -52.98
-47.57 -53.36
-48.32 -53.74
-49.07 -54.11
-49.83 -54.47
-50.60 -54.81
-51.36 -55.15
-52.14 -55.47
-52.91 -55.79
-53.69 -56.09
-54.48 -56.38
-55.27 -56.66
-56.06 -56.93
-56.86 -57.19
-57.66 -57.44
-58.46 -57.68
-59.27 -57.90
-60.08 -58.11
-60.89 -58.32
-61.71 -58.51
-62.53 -58.69
-63.35 -58.86
-64.17 -59.01
-64.99 -59.16
-65.82 -59.29
-66.65 -59.42
-67.48 -59.53
-68.31 -59.63
-69.15 -59.71
-69.98 -59.79
-70.81 -59.85
-71.65 -59.91
-72.49 -59.95
-73.32 -59.98
-74.16 -59.99
-75.00 -60.00
-75.79 -60.01
-76.57 -60.03
-77.36 -60.06
-78.14 -60.11
-78.92 -60.17
-79.70 -60.25
-80.48 -60.34
-81.26 -60.44
-82.04 -60.55
-82.81 -60.68
-83.59 -60.83
-84.36 -60.98
-85.12 -61.15
-85.89 -61.34
-86.65 -61.53
-87.40 -61.74
-88.16 -61.97
-88.91 -62.20
-89.65 -62.45
-90.39 -62.71
-91.13 -62.99
-91.86 -63.28
-92.58 -63.58
-93.30 -63.89
-94.02 -64.22
-94.73 -64.55
-95.43 -64.90
-96.13 -65.27
-96.82 -65.64
-97.50 -66.03
-98.18 -66.43
-98.85 -66.84
-99.51 -67.26
-100.16 -67.69
-100.81 -68.14
-101.45 -68.59
-102.08 -69.06
-102.70 -69.54
-103.32 -70.03
-103.93 -70.53
-104.52 -71.04
-105.11 -71.56
-105.69 -72.09
-106.26 -72.63
-106.82 -73.18
-107.37 -73.74
-107.91 -74.31
-108.44 -74.89
-108.96 -75.48
-109.47 -76.07
-109.97 -76.68
-110.46 -77.30
-110.94 -77.92
-111.41 -78.55
-111.86 -79.19
-112.31 -79.84
-112.74 -80.49
-113.16 -81.15
-113.57 -81.82
-113.97 -82.50
-114.36 -83.18
-114.73 -83.87
-115.10 -84.57
-115.45 -85.27
-115.78 -85.98
-116.11 -86.70
-116.42 -87.42
-116.72 -88.14
-117.01 -88.87
-117.29 -89.61
-117.55 -90.35
-117.80 -91.09
-118.03 -91.84
-118.26 -92.60
-118.47 -93.35
-118.66 -94.11
-118.85 -94.88
-119.02 -95.64
-119.17 -96.41
-119.32 -97.19
-119.45 -97.96
-119.56 -98.74
-119.66 -99.52
-119.75 -100.30
-119.83 -101.08
-119.89 -101.86
-119.94 -102.64
-119.97 -103.43
-119.99 -104.21
-120.00 -105.00
-119.99 -105.79
-119.97 -106.57
-119.94 -107.36
-119.89 -108.14
-119.83 -108.92
-119.75 -109.70
-119.66 -110.48
-119.56 -111.26
-119.45 -112.04
-119.32 -112.81
-119.17 -113.59
-119.02 -114.36
-118.85 -115.12
-118.66 -115.89
-118.47 -116.65
-118.26 -117.40
-118.03 -118.16
-117.80 -118.91
-117.55 -119.65
-117.29 -120.39
-117.01 -121.13
-116.72 -121.86
-116.42 -122.58
-116.11 -123.30
-115.78 -124.02
-115.45 -124.73
-115.10 -125.43
-114.73 -126.13
-114.36 -126.82
-113.97 -127.50
-113.57 -128.18
-113.16 -128.85
-112.74 -129.51
-112.31 -130.16
-111.86 -130.81
-111.41 -131.45
-110.94 -132.08
-110.46 -132.70
-109.97 -133.32
-109.47 -133.93
-108.96 -134.52
-108.44 -135.11
-107.91 -135.69
-107.37 -136.26
-106.82 -136.82
-106.26 -137.37
-105.69 -137.91
-105.11 -138.44
-104.52 -138.96
-103.93 -139.47
-103.32 -139.97
-102.70 -140.46
-102.08 -140.94
-101.45 -141.41
-100.81 -141.86
-100.16 -142.31
-99.51 -142.74
-98.85 -143.16
-98.18 -143.57
-97.50 -143.97
-96.82 -144.36
-96.13 -144.73
-95.43 -145.10
-94.73 -145.45
-94.02 -145.78
-93.30 -146.11
-92.58 -146.42
-91.86 -146.72
-91.13 -147.01
-90.39 -147.29
-89.65 -147.55
-88.91 -147.80
-88.16 -148.03
-87.40 -148.26
-86.65 -148.47
-85.89 -148.66
-85.12 -148.85
-84.36 -149.02
-83.59 -149.17
-82.81 -149.32
-82.04 -149.45
-81.26 -149.56
-80.48 -149.66
-79.70 -149.75
-78.92 -149.83
-78.14 -149.89
-77.36 -149.94
-76.57 -149.97
-75.79 -149.99
-75.00 -150.00
-74.21 -150.00
-73.43 -149.99
-72.64 -149.98
-71.86 -149.97
-71.07 -149.95
-70.29 -149.93
-69.50 -149.90
-68.72 -149.87
-67.93 -149.83
-67.15 -149.79
-66.37 -149.75
-65.58 -149.70
-64.80 -149.65
-64.01 -149.60
-63.23 -149.54
-62.45 -149.47
-61.67 -149.41
-60.88 -149.33
-60.10 -149.26
-59.32 -149.18
-58.54 -149.09
-57.76 -149.01
-56.98 -148.91
-56.20 -148.82
-55.42 -148.72
-54.64 -148.61
-53.86 -148.50
-53.09 -148.39
-52.31 -148.27
-51.53 -148.15
-50.76 -148.03
-49.98 -147.90
-49.21 -147.77
-48.44 -147.63
-47.66 -147.49
-46.89 -147.34
-46.12 -147.19
-45.35 -147.04
-44.58 -146.88
-43.81 -146.72
-43.05 -146.56
-42.28 -146.39
-41.51 -146.21
-40.75 -146.04
-39.98 -145.86
-39.22 -145.67
-38.46 -145.48
-37.70 -145.29
-36.94 -145.09
-36.18 -144.89
-35.42 -144.68
-34.66 -144.47
-33.91 -144.26
-33.15 -144.04
-32.40 -143.82
-31.65 -143.60
-30.89 -143.37
-30.14 -143.14
-29.40 -142.90
-28.65 -142.66
-27.90 -142.41
-27.16 -142.17
-26.41 -141.91
-25.67 -141.66
-24.93 -141.40
-24.19 -141.13
-23.45 -140.86
-22.71 -140.59
-21.98 -140.32
-21.24 -140.04
-20.51 -139.75
-19.78 -139.47
-19.05 -139.18
-18.32 -138.88
-17.60 -138.58
-16.87 -138.28
-16.15 -137.97
-15.43 -137.66
-14.71 -137.35
-13.99 -137.03
-13.27 -136.71
-12.56 -136.39
-11.84 -136.06
-11.13 -135.72
-10.42 -135.39
-9.72 -135.05
-9.01 -134.70
-8.30 -134.36
-7.60 -134.01
-6.90 -133.65
-6.20 -133.29
-5.51 -132.93
-4.81 -132.56
-4.12 -132.20
-3.43 -131.82
-2.74 -131.45
-2.05 -131.07
-1.36 -130.68
-0.68 -130.29
-0.00 -129.90
0.68 -129.51
1.36 -129.11
2.03 -128.71
2.70 -128.30
3.37 -127.90
4.04 -127.48
4.71 -127.07
5.37 -126.65
6.04 -126.23
6.70 -125.80
7.35 -125.37
8.01 -124.94
8.66 -124.50
9.31 -124.06
9.96 -123.62
10.61 -123.17
11.25 -122.72
11.89 -122.27
12.53 -121.81
13.17 -121.35
13.80 -120.89
14.43 -120.42
15.06 -119.95
15.69 -119.48
16.31 -119.00
16.94 -118.52
17.56 -118.04
18.17 -117.55
18.79 -117.06
19.40 -116.57
20.01 -116.08
20.61 -115.58
21.22 -115.07
21.82 -114.57
22.42 -114.06
23.01 -113.55
23.61 -113.03
24.20 -112.52
24.78 -112.00
25.37 -111.47
25.95 -110.94
26.53 -110.41
27.11 -109.88
27.68 -109.35
28.25 -108.81
28.82 -108.26
29.39 -107.72
29.95 -107.17
30.51 -106.62
31.07 -106.07
31.62 -105.51
32.17 -104.95
32.72 -104.39
33.26 -103.82
33.81 -103.25
34.35 -102.68
34.88 -102.11
35.41 -101.53
35.94 -100.95
36.47 -100.37
37.00 -99.78
37.52 -99.20
38.03 -98.61
38.55 -98.01
39.06 -97.42
39.57 -96.82
40.07 -96.22
40.58 -95.61
41.08 -95.01
41.57 -94.40
42.06 -93.79
42.55 -93.17
43.04 -92.56
43.52 -91.94
44.00 -91.31
44.48 -90.69
44.95 -90.06
45.42 -89.43
45.89 -88.80
46.35 -88.17
46.81 -87.53
47.27 -86.89
47.72 -86.25
48.17 -85.61
48.62 -84.96
49.06 -84.31
49.50 -83.66
49.94 -83.01
50.37 -82.35
50.80 -81.70
51.23 -81.04
51.65 -80.37
52.07 -79.71
52.48 -79.04
52.90 -78.37
53.30 -77.70
53.71 -77.03
54.11 -76.36
54.51 -75.68
54.90 -75.00
55.29 -74.32
55.68 -73.64
56.07 -72.95
56.45 -72.26
56.82 -71.57
57.20 -70.88
57.56 -70.19
57.93 -69.49
58.29 -68.80
58.65 -68.10
59.01 -67.40
59.36 -66.70
59.70 -65.99
60.05 -65.28
60.39 -64.58
60.72 -63.87
61.06 -63.16
61.39 -62.44
61.71 -61.73
62.03 -61.01
62.35 -60.29
62.66 -59.57
62.97 -58.85
63.28 -58.13
63.58 -57.40
63.88 -56.68
64.18 -55.95
64.47 -55.22
64.75 -54.49
65.04 -53.76
65.32 -53.02
65.59 -52.29
65.86 -51.55
66.13 -50.81
66.40 -50.07
66.66 -49.33
66.91 -48.59
67.17 -47.84
67.41 -47.10
67.66 -46.35
67.90 -45.60
68.14 -44.86
68.37 -44.11
68.60 -43.35
68.82 -42.60
69.04 -41.85
69.26 -41.09
69.47 -40.34
69.68 -39.58
69.89 -38.82
70.09 -38.06
70.29 -37.30
70.48 -36.54
70.67 -35.78
70.86 -35.02
71.04 -34.25
71.21 -33.49
71.39 -32.72
71.56 -31.95
71.72 -31.19
71.88 -30.42
72.04 -29.65
72.19 -28.88
72.34 -28.11
72.49 -27.34
72.63 -26.56
72.77 -25.79
72.90 -25.02
73.03 -24.24
73.15 -23.47
73.27 -22.69
73.39 -21.91
73.50 -21.14
73.61 -20.36
73.72 -19.58
73.82 -18.80
73.91 -18.02
74.01 -17.24
74.09 -16.46
74.18 -15.68
74.26 -14.90
74.33 -14.12
74.41 -13.33
74.47 -12.55
74.54 -11.77
74.60 -10.99
74.65 -10.20
74.70 -9.42
74.75 -8.63
74.79 -7.85
74.83 -7.07
74.87 -6.28
74.90 -5.50
74.93 -4.71
74.95 -3.93
74.97 -3.14
74.98 -2.36
74.99 -1.57
75.00 -0.79
